0 0 0 0 0 0.000000
0 0 0 1 0 0.000000
0 0 0 2 0 0.000000
0 0 0 3 0 0.000000
0 0 0 4 0 0.000000
0 0 1 0 0 0.000000
0 0 1 1 0 0.000000
0 0 1 2 0 0.000000
0 0 1 3 0 0.000000
0 0 1 4 0 0.000000
0 1 0 0 0 0.000000
0 1 0 1 0 0.000000
0 1 0 2 0 0.000000
0 1 0 3 0 0.000000
0 1 0 4 0 0.000000
0 1 1 0 0 0.000000
0 1 1 1 0 0.000000
0 1 1 2 0 0.000000
0 1 1 3 0 0.000000
0 1 1 4 0 0.000000
0 2 0 0 0 0.000000
0 2 0 1 0 0.000000
0 2 0 2 0 0.000000
0 2 0 3 0 0.000000
0 2 0 4 0 0.000000
0 2 1 0 0 0.000000
0 2 1 1 0 0.000000
0 2 1 2 0 0.000000
0 2 1 3 0 0.000000
0 2 1 4 0 0.000000
0 3 0 0 0 0.000000
0 3 0 1 0 0.000000
0 3 0 2 0 0.000000
0 3 0 3 0 0.000000
0 3 0 4 0 0.000000
0 3 1 0 0 0.000000
0 3 1 1 0 0.000000
0 3 1 2 0 0.000000
0 3 1 3 0 0.000000
0 3 1 4 0 0.000000
0 4 0 0 0 0.000000
0 4 0 1 0 0.000000
0 4 0 2 0 0.000000
0 4 0 3 0 0.000000
0 4 0 4 0 0.000000
0 4 1 0 0 0.000000
0 4 1 1 0 0.000000
0 4 1 2 0 0.000000
0 4 1 3 0 0.000000
0 4 1 4 0 0.000000
0 5 0 0 0 0.000000
0 5 0 1 0 0.000000
0 5 0 2 0 0.000000
0 5 0 3 0 0.000000
0 5 0 4 0 0.000000
0 5 1 0 0 0.000000
0 5 1 1 0 0.000000
0 5 1 2 0 0.000000
0 5 1 3 0 0.000000
0 5 1 4 0 0.000000
0 6 0 0 0 0.000000
0 6 0 1 0 0.000000
0 6 0 2 0 0.000000
0 6 0 3 0 0.000000
0 6 0 4 0 0.000000
0 6 1 0 0 0.000000
0 6 1 1 0 0.000000
0 6 1 2 0 0.000000
0 6 1 3 0 0.000000
0 6 1 4 0 0.000000
0 7 0 0 0 0.000000
0 7 0 1 0 0.000000
0 7 0 2 0 0.000000
0 7 0 3 0 0.000000
0 7 0 4 0 0.000000
0 7 1 0 0 0.000000
0 7 1 1 0 0.000000
0 7 1 2 0 0.000000
0 7 1 3 0 0.000000
0 7 1 4 0 0.000000
0 8 0 0 0 0.000000
0 8 0 1 0 0.000000
0 8 0 2 0 0.000000
0 8 0 3 0 0.000000
0 8 0 4 0 0.000000
0 8 1 0 0 0.000000
0 8 1 1 0 0.000000
0 8 1 2 0 0.000000
0 8 1 3 0 0.000000
0 8 1 4 0 0.000000
0 9 0 0 0 0.000000
0 9 0 1 0 0.000000
0 9 0 2 0 0.000000
0 9 0 3 0 0.000000
0 9 0 4 0 0.000000
0 9 1 0 0 0.000000
0 9 1 1 0 0.000000
0 9 1 2 0 0.000000
0 9 1 3 0 0.000000
0 9 1 4 0 0.000000
0 10 0 0 0 0.000000
0 10 0 1 0 0.000000
0 10 0 2 0 0.000000
0 10 0 3 0 0.000000
0 10 0 4 0 0.000000
0 10 1 0 0 0.000000
0 10 1 1 0 0.000000
0 10 1 2 0 0.000000
0 10 1 3 0 0.000000
0 10 1 4 0 0.000000
0 11 0 0 0 0.000000
0 11 0 1 0 0.000000
0 11 0 2 0 0.000000
0 11 0 3 0 0.000000
0 11 0 4 0 0.000000
0 11 1 0 0 0.000000
0 11 1 1 0 0.000000
0 11 1 2 0 0.000000
0 11 1 3 0 0.000000
0 11 1 4 0 0.000000
1 0 0 0 0 0.000000
1 0 0 1 0 0.000000
1 0 0 2 0 0.000000
1 0 0 3 0 0.000000
1 0 0 4 0 0.000000
1 0 1 0 0 0.000000
1 0 1 1 0 0.000000
1 0 1 2 0 0.000000
1 0 1 3 0 0.000000
1 0 1 4 0 0.000000
1 1 0 0 0 0.000000
1 1 0 1 0 0.000000
1 1 0 2 0 0.000000
1 1 0 3 0 0.000000
1 1 0 4 0 0.000000
1 1 1 0 0 0.000000
1 1 1 1 0 0.000000
1 1 1 2 0 0.000000
1 1 1 3 0 0.000000
1 1 1 4 0 0.000000
1 2 0 0 0 0.000000
1 2 0 1 0 0.000000
1 2 0 2 0 0.000000
1 2 0 3 0 0.000000
1 2 0 4 0 0.000000
1 2 1 0 0 0.000000
1 2 1 1 0 0.000000
1 2 1 2 0 0.000000
1 2 1 3 0 0.000000
1 2 1 4 0 0.000000
1 3 0 0 0 0.000000
1 3 0 1 0 0.000000
1 3 0 2 0 0.000000
1 3 0 3 0 0.000000
1 3 0 4 0 0.000000
1 3 1 0 0 0.000000
1 3 1 1 0 0.000000
1 3 1 2 0 0.000000
1 3 1 3 0 0.000000
1 3 1 4 0 0.000000
1 4 0 0 0 0.000000
1 4 0 1 0 0.000000
1 4 0 2 0 0.000000
1 4 0 3 0 0.000000
1 4 0 4 0 0.000000
1 4 1 0 0 0.000000
1 4 1 1 0 0.000000
1 4 1 2 0 0.000000
1 4 1 3 0 0.000000
1 4 1 4 0 0.000000
1 5 0 0 0 0.000000
1 5 0 1 0 0.000000
1 5 0 2 0 0.000000
1 5 0 3 0 0.000000
1 5 0 4 0 0.000000
1 5 1 0 0 0.000000
1 5 1 1 0 0.000000
1 5 1 2 0 0.000000
1 5 1 3 0 0.000000
1 5 1 4 0 0.000000
1 6 0 0 0 0.000000
1 6 0 1 0 0.000000
1 6 0 2 0 0.000000
1 6 0 3 0 0.000000
1 6 0 4 0 0.000000
1 6 1 0 0 0.000000
1 6 1 1 0 0.000000
1 6 1 2 0 0.000000
1 6 1 3 0 0.000000
1 6 1 4 0 0.000000
1 7 0 0 0 0.000000
1 7 0 1 0 0.000000
1 7 0 2 0 0.000000
1 7 0 3 0 0.000000
1 7 0 4 0 0.000000
1 7 1 0 0 0.000000
1 7 1 1 0 0.000000
1 7 1 2 0 0.000000
1 7 1 3 0 0.000000
1 7 1 4 0 0.000000
1 8 0 0 0 0.000000
1 8 0 1 0 0.000000
1 8 0 2 0 0.000000
1 8 0 3 0 0.000000
1 8 0 4 0 0.000000
1 8 1 0 0 0.000000
1 8 1 1 0 0.000000
1 8 1 2 0 0.000000
1 8 1 3 0 0.000000
1 8 1 4 0 0.000000
1 9 0 0 0 0.000000
1 9 0 1 0 0.000000
1 9 0 2 0 0.000000
1 9 0 3 0 0.000000
1 9 0 4 0 0.000000
1 9 1 0 0 0.000000
1 9 1 1 0 0.000000
1 9 1 2 0 0.000000
1 9 1 3 0 0.000000
1 9 1 4 0 0.000000
1 10 0 0 0 0.000000
1 10 0 1 0 0.000000
1 10 0 2 0 0.000000
1 10 0 3 0 0.000000
1 10 0 4 0 0.000000
1 10 1 0 0 0.000000
1 10 1 1 0 0.000000
1 10 1 2 0 0.000000
1 10 1 3 0 0.000000
1 10 1 4 0 0.000000
1 11 0 0 0 0.000000
1 11 0 1 0 0.000000
1 11 0 2 0 0.000000
1 11 0 3 0 0.000000
1 11 0 4 0 0.000000
1 11 1 0 0 0.000000
1 11 1 1 0 0.000000
1 11 1 2 0 0.000000
1 11 1 3 0 0.000000
1 11 1 4 0 0.000000
2 0 0 0 0 0.000000
2 0 0 1 0 0.000000
2 0 0 2 0 0.000000
2 0 0 3 0 0.000000
2 0 0 4 0 0.000000
2 0 1 0 0 0.000000
2 0 1 1 0 0.000000
2 0 1 2 0 0.000000
2 0 1 3 0 0.000000
2 0 1 4 0 0.000000
2 1 0 0 0 0.000000
2 1 0 1 0 0.000000
2 1 0 2 0 0.000000
2 1 0 3 0 0.000000
2 1 0 4 0 0.000000
2 1 1 0 0 0.000000
2 1 1 1 0 0.000000
2 1 1 2 0 0.000000
2 1 1 3 0 0.000000
2 1 1 4 0 0.000000
2 2 0 0 0 0.000000
2 2 0 1 0 0.000000
2 2 0 2 0 0.000000
2 2 0 3 0 0.000000
2 2 0 4 0 0.000000
2 2 1 0 0 0.000000
2 2 1 1 0 0.000000
2 2 1 2 0 0.000000
2 2 1 3 0 0.000000
2 2 1 4 0 0.000000
2 3 0 0 0 0.000000
2 3 0 1 0 0.000000
2 3 0 2 0 0.000000
2 3 0 3 0 0.000000
2 3 0 4 0 0.000000
2 3 1 0 0 0.000000
2 3 1 1 0 0.000000
2 3 1 2 0 0.000000
2 3 1 3 0 0.000000
2 3 1 4 0 0.000000
2 4 0 0 0 0.000000
2 4 0 1 0 0.000000
2 4 0 2 0 0.000000
2 4 0 3 0 0.000000
2 4 0 4 0 0.000000
2 4 1 0 0 0.000000
2 4 1 1 0 0.000000
2 4 1 2 0 0.000000
2 4 1 3 0 0.000000
2 4 1 4 0 0.000000
2 5 0 0 0 0.000000
2 5 0 1 0 0.000000
2 5 0 2 0 0.000000
2 5 0 3 0 0.000000
2 5 0 4 0 0.000000
2 5 1 0 0 0.000000
2 5 1 1 0 0.000000
2 5 1 2 0 0.000000
2 5 1 3 0 0.000000
2 5 1 4 0 0.000000
2 6 0 0 0 0.000000
2 6 0 1 0 0.000000
2 6 0 2 0 0.000000
2 6 0 3 0 0.000000
2 6 0 4 0 0.000000
2 6 1 0 0 0.000000
2 6 1 1 0 0.000000
2 6 1 2 0 0.000000
2 6 1 3 0 0.000000
2 6 1 4 0 0.000000
2 7 0 0 0 0.000000
2 7 0 1 0 0.000000
2 7 0 2 0 0.000000
2 7 0 3 0 0.000000
2 7 0 4 0 0.000000
2 7 1 0 0 0.000000
2 7 1 1 0 0.000000
2 7 1 2 0 0.000000
2 7 1 3 0 0.000000
2 7 1 4 0 0.000000
2 8 0 0 0 0.000000
2 8 0 1 0 0.000000
2 8 0 2 0 0.000000
2 8 0 3 0 0.000000
2 8 0 4 0 0.000000
2 8 1 0 0 0.000000
2 8 1 1 0 0.000000
2 8 1 2 0 0.000000
2 8 1 3 0 0.000000
2 8 1 4 0 0.000000
2 9 0 0 0 0.000000
2 9 0 1 0 0.000000
2 9 0 2 0 0.000000
2 9 0 3 0 0.000000
2 9 0 4 0 0.000000
2 9 1 0 0 0.000000
2 9 1 1 0 0.000000
2 9 1 2 0 0.000000
2 9 1 3 0 0.000000
2 9 1 4 0 0.000000
2 10 0 0 0 0.000000
2 10 0 1 0 0.000000
2 10 0 2 0 0.000000
2 10 0 3 0 0.000000
2 10 0 4 0 0.000000
2 10 1 0 0 0.000000
2 10 1 1 0 0.000000
2 10 1 2 0 0.000000
2 10 1 3 0 0.000000
2 10 1 4 0 0.000000
2 11 0 0 0 0.000000
2 11 0 1 0 0.000000
2 11 0 2 0 0.000000
2 11 0 3 0 0.000000
2 11 0 4 0 0.000000
2 11 1 0 0 0.000000
2 11 1 1 0 0.000000
2 11 1 2 0 0.000000
2 11 1 3 0 0.000000
2 11 1 4 0 0.000000
3 0 0 0 0 0.000000
3 0 0 1 0 0.000000
3 0 0 2 0 0.000000
3 0 0 3 0 0.000000
3 0 0 4 0 0.000000
3 0 1 0 0 0.000000
3 0 1 1 0 0.000000
3 0 1 2 0 0.000000
3 0 1 3 0 0.000000
3 0 1 4 0 0.000000
3 1 0 0 0 0.000000
3 1 0 1 0 0.000000
3 1 0 2 0 0.000000
3 1 0 3 0 0.000000
3 1 0 4 0 0.000000
3 1 1 0 0 0.000000
3 1 1 1 0 0.000000
3 1 1 2 0 0.000000
3 1 1 3 0 0.000000
3 1 1 4 0 0.000000
3 2 0 0 0 0.000000
3 2 0 1 0 0.000000
3 2 0 2 0 0.000000
3 2 0 3 0 0.000000
3 2 0 4 0 0.000000
3 2 1 0 0 0.000000
3 2 1 1 0 0.000000
3 2 1 2 0 0.000000
3 2 1 3 0 0.000000
3 2 1 4 0 0.000000
3 3 0 0 0 0.000000
3 3 0 1 0 0.000000
3 3 0 2 0 0.000000
3 3 0 3 0 0.000000
3 3 0 4 0 0.000000
3 3 1 0 0 0.000000
3 3 1 1 0 0.000000
3 3 1 2 0 0.000000
3 3 1 3 0 0.000000
3 3 1 4 0 0.000000
3 4 0 0 0 0.000000
3 4 0 1 0 0.000000
3 4 0 2 0 0.000000
3 4 0 3 0 0.000000
3 4 0 4 0 0.000000
3 4 1 0 0 0.000000
3 4 1 1 0 0.000000
3 4 1 2 0 0.000000
3 4 1 3 0 0.000000
3 4 1 4 0 0.000000
3 5 0 0 0 0.000000
3 5 0 1 0 0.000000
3 5 0 2 0 0.000000
3 5 0 3 0 0.000000
3 5 0 4 0 0.000000
3 5 1 0 0 0.000000
3 5 1 1 0 0.000000
3 5 1 2 0 0.000000
3 5 1 3 0 0.000000
3 5 1 4 0 0.000000
3 6 0 0 0 0.000000
3 6 0 1 0 0.000000
3 6 0 2 0 0.000000
3 6 0 3 0 0.000000
3 6 0 4 0 0.000000
3 6 1 0 0 0.000000
3 6 1 1 0 0.000000
3 6 1 2 0 0.000000
3 6 1 3 0 0.000000
3 6 1 4 0 0.000000
3 7 0 0 0 0.000000
3 7 0 1 0 0.000000
3 7 0 2 0 0.000000
3 7 0 3 0 0.000000
3 7 0 4 0 0.000000
3 7 1 0 0 0.000000
3 7 1 1 0 0.000000
3 7 1 2 0 0.000000
3 7 1 3 0 0.000000
3 7 1 4 0 0.000000
3 8 0 0 0 0.000000
3 8 0 1 0 0.000000
3 8 0 2 0 0.000000
3 8 0 3 0 0.000000
3 8 0 4 0 0.000000
3 8 1 0 0 0.000000
3 8 1 1 0 0.000000
3 8 1 2 0 0.000000
3 8 1 3 0 0.000000
3 8 1 4 0 0.000000
3 9 0 0 0 0.000000
3 9 0 1 0 0.000000
3 9 0 2 0 0.000000
3 9 0 3 0 0.000000
3 9 0 4 0 0.000000
3 9 1 0 0 0.000000
3 9 1 1 0 0.000000
3 9 1 2 0 0.000000
3 9 1 3 0 0.000000
3 9 1 4 0 0.000000
3 10 0 0 0 0.000000
3 10 0 1 0 0.000000
3 10 0 2 0 0.000000
3 10 0 3 0 0.000000
3 10 0 4 0 0.000000
3 10 1 0 0 0.000000
3 10 1 1 0 0.000000
3 10 1 2 0 0.000000
3 10 1 3 0 0.000000
3 10 1 4 0 0.000000
3 11 0 0 0 0.000000
3 11 0 1 0 0.000000
3 11 0 2 0 0.000000
3 11 0 3 0 0.000000
3 11 0 4 0 0.000000
3 11 1 0 0 0.000000
3 11 1 1 0 0.000000
3 11 1 2 0 0.000000
3 11 1 3 0 0.000000
3 11 1 4 0 0.000000
4 0 0 0 0 0.000000
4 0 0 1 0 0.000000
4 0 0 2 0 0.000000
4 0 0 3 0 0.000000
4 0 0 4 0 0.000000
4 0 1 0 0 0.000000
4 0 1 1 0 0.000000
4 0 1 2 0 0.000000
4 0 1 3 0 0.000000
4 0 1 4 0 0.000000
4 1 0 0 0 0.000000
4 1 0 1 0 0.000000
4 1 0 2 0 0.000000
4 1 0 3 0 0.000000
4 1 0 4 0 0.000000
4 1 1 0 0 0.000000
4 1 1 1 0 0.000000
4 1 1 2 0 0.000000
4 1 1 3 0 0.000000
4 1 1 4 0 0.000000
4 2 0 0 0 0.000000
4 2 0 1 0 0.000000
4 2 0 2 0 0.000000
4 2 0 3 0 0.000000
4 2 0 4 0 0.000000
4 2 1 0 0 0.000000
4 2 1 1 0 0.000000
4 2 1 2 0 0.000000
4 2 1 3 0 0.000000
4 2 1 4 0 0.000000
4 3 0 0 0 0.000000
4 3 0 1 0 0.000000
4 3 0 2 0 0.000000
4 3 0 3 0 0.000000
4 3 0 4 0 0.000000
4 3 1 0 0 0.000000
4 3 1 1 0 0.000000
4 3 1 2 0 0.000000
4 3 1 3 0 0.000000
4 3 1 4 0 0.000000
4 4 0 0 0 0.000000
4 4 0 1 0 0.000000
4 4 0 2 0 0.000000
4 4 0 3 0 0.000000
4 4 0 4 0 0.000000
4 4 1 0 0 0.000000
4 4 1 1 0 0.000000
4 4 1 2 0 0.000000
4 4 1 3 0 0.000000
4 4 1 4 0 0.000000
4 5 0 0 0 0.000000
4 5 0 1 0 0.000000
4 5 0 2 0 0.000000
4 5 0 3 0 0.000000
4 5 0 4 0 0.000000
4 5 1 0 0 0.000000
4 5 1 1 0 0.000000
4 5 1 2 0 0.000000
4 5 1 3 0 0.000000
4 5 1 4 0 0.000000
4 6 0 0 0 0.000000
4 6 0 1 0 0.000000
4 6 0 2 0 0.000000
4 6 0 3 0 0.000000
4 6 0 4 0 0.000000
4 6 1 0 0 0.000000
4 6 1 1 0 0.000000
4 6 1 2 0 0.000000
4 6 1 3 0 0.000000
4 6 1 4 0 0.000000
4 7 0 0 0 0.000000
4 7 0 1 0 0.000000
4 7 0 2 0 0.000000
4 7 0 3 0 0.000000
4 7 0 4 0 0.000000
4 7 1 0 0 0.000000
4 7 1 1 0 0.000000
4 7 1 2 0 0.000000
4 7 1 3 0 0.000000
4 7 1 4 0 0.000000
4 8 0 0 0 0.000000
4 8 0 1 0 0.000000
4 8 0 2 0 0.000000
4 8 0 3 0 0.000000
4 8 0 4 0 0.000000
4 8 1 0 0 0.000000
4 8 1 1 0 0.000000
4 8 1 2 0 0.000000
4 8 1 3 0 0.000000
4 8 1 4 0 0.000000
4 9 0 0 0 0.000000
4 9 0 1 0 0.000000
4 9 0 2 0 0.000000
4 9 0 3 0 0.000000
4 9 0 4 0 0.000000
4 9 1 0 0 0.000000
4 9 1 1 0 0.000000
4 9 1 2 0 0.000000
4 9 1 3 0 0.000000
4 9 1 4 0 0.000000
4 10 0 0 0 0.000000
4 10 0 1 0 0.000000
4 10 0 2 0 0.000000
4 10 0 3 0 0.000000
4 10 0 4 0 0.000000
4 10 1 0 0 0.000000
4 10 1 1 0 0.000000
4 10 1 2 0 0.000000
4 10 1 3 0 0.000000
4 10 1 4 0 0.000000
4 11 0 0 0 0.000000
4 11 0 1 0 0.000000
4 11 0 2 0 0.000000
4 11 0 3 0 0.000000
4 11 0 4 0 0.000000
4 11 1 0 0 0.000000
4 11 1 1 0 0.000000
4 11 1 2 0 0.000000
4 11 1 3 0 0.000000
4 11 1 4 0 0.000000
5 0 0 0 0 0.000000
5 0 0 1 0 0.000000
5 0 0 2 0 0.000000
5 0 0 3 0 0.000000
5 0 0 4 0 0.000000
5 0 1 0 0 0.000000
5 0 1 1 0 0.000000
5 0 1 2 0 0.000000
5 0 1 3 0 0.000000
5 0 1 4 0 0.000000
5 1 0 0 0 0.000000
5 1 0 1 0 0.000000
5 1 0 2 0 0.000000
5 1 0 3 0 0.000000
5 1 0 4 0 0.000000
5 1 1 0 0 0.000000
5 1 1 1 0 0.000000
5 1 1 2 0 0.000000
5 1 1 3 0 0.000000
5 1 1 4 0 0.000000
5 2 0 0 0 0.000000
5 2 0 1 0 0.000000
5 2 0 2 0 0.000000
5 2 0 3 0 0.000000
5 2 0 4 0 0.000000
5 2 1 0 0 0.000000
5 2 1 1 0 0.000000
5 2 1 2 0 0.000000
5 2 1 3 0 0.000000
5 2 1 4 0 0.000000
5 3 0 0 0 0.000000
5 3 0 1 0 0.000000
5 3 0 2 0 0.000000
5 3 0 3 0 0.000000
5 3 0 4 0 0.000000
5 3 1 0 0 0.000000
5 3 1 1 0 0.000000
5 3 1 2 0 0.000000
5 3 1 3 0 0.000000
5 3 1 4 0 0.000000
5 4 0 0 0 0.000000
5 4 0 1 0 0.000000
5 4 0 2 0 0.000000
5 4 0 3 0 0.000000
5 4 0 4 0 0.000000
5 4 1 0 0 0.000000
5 4 1 1 0 0.000000
5 4 1 2 0 0.000000
5 4 1 3 0 0.000000
5 4 1 4 0 0.000000
5 5 0 0 0 0.000000
5 5 0 1 0 0.000000
5 5 0 2 0 0.000000
5 5 0 3 0 0.000000
5 5 0 4 0 0.000000
5 5 1 0 0 0.000000
5 5 1 1 0 0.000000
5 5 1 2 0 0.000000
5 5 1 3 0 0.000000
5 5 1 4 0 0.000000
5 6 0 0 0 0.000000
5 6 0 1 0 0.000000
5 6 0 2 0 0.000000
5 6 0 3 0 0.000000
5 6 0 4 0 0.000000
5 6 1 0 0 0.000000
5 6 1 1 0 0.000000
5 6 1 2 0 0.000000
5 6 1 3 0 0.000000
5 6 1 4 0 0.000000
5 7 0 0 0 0.000000
5 7 0 1 0 0.000000
5 7 0 2 0 0.000000
5 7 0 3 0 0.000000
5 7 0 4 0 0.000000
5 7 1 0 0 0.000000
5 7 1 1 0 0.000000
5 7 1 2 0 0.000000
5 7 1 3 0 0.000000
5 7 1 4 0 0.000000
5 8 0 0 0 0.000000
5 8 0 1 0 0.000000
5 8 0 2 0 0.000000
5 8 0 3 0 0.000000
5 8 0 4 0 0.000000
5 8 1 0 0 0.000000
5 8 1 1 0 0.000000
5 8 1 2 0 0.000000
5 8 1 3 0 0.000000
5 8 1 4 0 0.000000
5 9 0 0 0 0.000000
5 9 0 1 0 0.000000
5 9 0 2 0 0.000000
5 9 0 3 0 0.000000
5 9 0 4 0 0.000000
5 9 1 0 0 0.000000
5 9 1 1 0 0.000000
5 9 1 2 0 0.000000
5 9 1 3 0 0.000000
5 9 1 4 0 0.000000
5 10 0 0 0 0.000000
5 10 0 1 0 0.000000
5 10 0 2 0 0.000000
5 10 0 3 0 0.000000
5 10 0 4 0 0.000000
5 10 1 0 0 0.000000
5 10 1 1 0 0.000000
5 10 1 2 0 0.000000
5 10 1 3 0 0.000000
5 10 1 4 0 0.000000
5 11 0 0 0 0.000000
5 11 0 1 0 0.000000
5 11 0 2 0 0.000000
5 11 0 3 0 0.000000
5 11 0 4 0 0.000000
5 11 1 0 0 0.000000
5 11 1 1 0 0.000000
5 11 1 2 0 0.000000
5 11 1 3 0 0.000000
5 11 1 4 0 0.000000
6 0 0 0 0 0.000000
6 0 0 1 0 0.000000
6 0 0 2 0 0.000000
6 0 0 3 0 0.000000
6 0 0 4 0 0.000000
6 0 1 0 0 0.000000
6 0 1 1 0 0.000000
6 0 1 2 0 0.000000
6 0 1 3 0 0.000000
6 0 1 4 0 0.000000
6 1 0 0 0 0.000000
6 1 0 1 0 0.000000
6 1 0 2 0 0.000000
6 1 0 3 0 0.000000
6 1 0 4 0 0.000000
6 1 1 0 0 0.000000
6 1 1 1 0 0.000000
6 1 1 2 0 0.000000
6 1 1 3 0 0.000000
6 1 1 4 0 0.000000
6 2 0 0 0 0.000000
6 2 0 1 0 0.000000
6 2 0 2 0 0.000000
6 2 0 3 0 0.000000
6 2 0 4 0 0.000000
6 2 1 0 0 0.000000
6 2 1 1 0 0.000000
6 2 1 2 0 0.000000
6 2 1 3 0 0.000000
6 2 1 4 0 0.000000
6 3 0 0 0 0.000000
6 3 0 1 0 0.000000
6 3 0 2 0 0.000000
6 3 0 3 0 0.000000
6 3 0 4 0 0.000000
6 3 1 0 0 0.000000
6 3 1 1 0 0.000000
6 3 1 2 0 0.000000
6 3 1 3 0 0.000000
6 3 1 4 0 0.000000
6 4 0 0 0 0.000000
6 4 0 1 0 0.000000
6 4 0 2 0 0.000000
6 4 0 3 0 0.000000
6 4 0 4 0 0.000000
6 4 1 0 0 0.000000
6 4 1 1 0 0.000000
6 4 1 2 0 0.000000
6 4 1 3 0 0.000000
6 4 1 4 0 0.000000
6 5 0 0 0 0.000000
6 5 0 1 0 0.000000
6 5 0 2 0 0.000000
6 5 0 3 0 0.000000
6 5 0 4 0 0.000000
6 5 1 0 0 0.000000
6 5 1 1 0 0.000000
6 5 1 2 0 0.000000
6 5 1 3 0 0.000000
6 5 1 4 0 0.000000
6 6 0 0 0 0.000000
6 6 0 1 0 0.000000
6 6 0 2 0 0.000000
6 6 0 3 0 0.000000
6 6 0 4 0 0.000000
6 6 1 0 0 0.000000
6 6 1 1 0 0.000000
6 6 1 2 0 0.000000
6 6 1 3 0 0.000000
6 6 1 4 0 0.000000
6 7 0 0 0 0.000000
6 7 0 1 0 0.000000
6 7 0 2 0 0.000000
6 7 0 3 0 0.000000
6 7 0 4 0 0.000000
6 7 1 0 0 0.000000
6 7 1 1 0 0.000000
6 7 1 2 0 0.000000
6 7 1 3 0 0.000000
6 7 1 4 0 0.000000
6 8 0 0 0 0.000000
6 8 0 1 0 0.000000
6 8 0 2 0 0.000000
6 8 0 3 0 0.000000
6 8 0 4 0 0.000000
6 8 1 0 0 0.000000
6 8 1 1 0 0.000000
6 8 1 2 0 0.000000
6 8 1 3 0 0.000000
6 8 1 4 0 0.000000
6 9 0 0 0 0.000000
6 9 0 1 0 0.000000
6 9 0 2 0 0.000000
6 9 0 3 0 0.000000
6 9 0 4 0 0.000000
6 9 1 0 0 0.000000
6 9 1 1 0 0.000000
6 9 1 2 0 0.000000
6 9 1 3 0 0.000000
6 9 1 4 0 0.000000
6 10 0 0 0 0.000000
6 10 0 1 0 0.000000
6 10 0 2 0 0.000000
6 10 0 3 0 0.000000
6 10 0 4 0 0.000000
6 10 1 0 0 0.000000
6 10 1 1 0 0.000000
6 10 1 2 0 0.000000
6 10 1 3 0 0.000000
6 10 1 4 0 0.000000
6 11 0 0 0 0.000000
6 11 0 1 0 0.000000
6 11 0 2 0 0.000000
6 11 0 3 0 0.000000
6 11 0 4 0 0.000000
6 11 1 0 0 0.000000
6 11 1 1 0 0.000000
6 11 1 2 0 0.000000
6 11 1 3 0 0.000000
6 11 1 4 0 0.000000
7 0 0 0 0 0.000000
7 0 0 1 0 0.000000
7 0 0 2 0 0.000000
7 0 0 3 0 0.000000
7 0 0 4 0 0.000000
7 0 1 0 0 0.000000
7 0 1 1 0 0.000000
7 0 1 2 0 0.000000
7 0 1 3 0 0.000000
7 0 1 4 0 0.000000
7 1 0 0 0 0.000000
7 1 0 1 0 0.000000
7 1 0 2 0 0.000000
7 1 0 3 0 0.000000
7 1 0 4 0 0.000000
7 1 1 0 0 0.000000
7 1 1 1 0 0.000000
7 1 1 2 0 0.000000
7 1 1 3 0 0.000000
7 1 1 4 0 0.000000
7 2 0 0 0 0.000000
7 2 0 1 0 0.000000
7 2 0 2 0 0.000000
7 2 0 3 0 0.000000
7 2 0 4 0 0.000000
7 2 1 0 0 0.000000
7 2 1 1 0 0.000000
7 2 1 2 0 0.000000
7 2 1 3 0 0.000000
7 2 1 4 0 0.000000
7 3 0 0 0 0.000000
7 3 0 1 0 0.000000
7 3 0 2 0 0.000000
7 3 0 3 0 0.000000
7 3 0 4 0 0.000000
7 3 1 0 0 0.000000
7 3 1 1 0 0.000000
7 3 1 2 0 0.000000
7 3 1 3 0 0.000000
7 3 1 4 0 0.000000
7 4 0 0 0 0.000000
7 4 0 1 0 0.000000
7 4 0 2 0 0.000000
7 4 0 3 0 0.000000
7 4 0 4 0 0.000000
7 4 1 0 0 0.000000
7 4 1 1 0 0.000000
7 4 1 2 0 0.000000
7 4 1 3 0 0.000000
7 4 1 4 0 0.000000
7 5 0 0 0 0.000000
7 5 0 1 0 0.000000
7 5 0 2 0 0.000000
7 5 0 3 0 0.000000
7 5 0 4 0 0.000000
7 5 1 0 0 0.000000
7 5 1 1 0 0.000000
7 5 1 2 0 0.000000
7 5 1 3 0 0.000000
7 5 1 4 0 0.000000
7 6 0 0 0 0.000000
7 6 0 1 0 0.000000
7 6 0 2 0 0.000000
7 6 0 3 0 0.000000
7 6 0 4 0 0.000000
7 6 1 0 0 0.000000
7 6 1 1 0 0.000000
7 6 1 2 0 0.000000
7 6 1 3 0 0.000000
7 6 1 4 0 0.000000
7 7 0 0 0 0.000000
7 7 0 1 0 0.000000
7 7 0 2 0 0.000000
7 7 0 3 0 0.000000
7 7 0 4 0 0.000000
7 7 1 0 0 0.000000
7 7 1 1 0 0.000000
7 7 1 2 0 0.000000
7 7 1 3 0 0.000000
7 7 1 4 0 0.000000
7 8 0 0 0 0.000000
7 8 0 1 0 0.000000
7 8 0 2 0 0.000000
7 8 0 3 0 0.000000
7 8 0 4 0 0.000000
7 8 1 0 0 0.000000
7 8 1 1 0 0.000000
7 8 1 2 0 0.000000
7 8 1 3 0 0.000000
7 8 1 4 0 0.000000
7 9 0 0 0 0.000000
7 9 0 1 0 0.000000
7 9 0 2 0 0.000000
7 9 0 3 0 0.000000
7 9 0 4 0 0.000000
7 9 1 0 0 0.000000
7 9 1 1 0 0.000000
7 9 1 2 0 0.000000
7 9 1 3 0 0.000000
7 9 1 4 0 0.000000
7 10 0 0 0 0.000000
7 10 0 1 0 0.000000
7 10 0 2 0 0.000000
7 10 0 3 0 0.000000
7 10 0 4 0 0.000000
7 10 1 0 0 0.000000
7 10 1 1 0 0.000000
7 10 1 2 0 0.000000
7 10 1 3 0 0.000000
7 10 1 4 0 0.000000
7 11 0 0 0 0.000000
7 11 0 1 0 0.000000
7 11 0 2 0 0.000000
7 11 0 3 0 0.000000
7 11 0 4 0 0.000000
7 11 1 0 0 0.000000
7 11 1 1 0 0.000000
7 11 1 2 0 0.000000
7 11 1 3 0 0.000000
7 11 1 4 0 0.000000
8 0 0 0 0 0.000000
8 0 0 1 0 0.000000
8 0 0 2 0 0.000000
8 0 0 3 0 0.000000
8 0 0 4 0 0.000000
8 0 1 0 0 0.000000
8 0 1 1 0 0.000000
8 0 1 2 0 0.000000
8 0 1 3 0 0.000000
8 0 1 4 0 0.000000
8 1 0 0 0 0.000000
8 1 0 1 0 0.000000
8 1 0 2 0 0.000000
8 1 0 3 0 0.000000
8 1 0 4 0 0.000000
8 1 1 0 0 0.000000
8 1 1 1 0 0.000000
8 1 1 2 0 0.000000
8 1 1 3 0 0.000000
8 1 1 4 0 0.000000
8 2 0 0 0 0.000000
8 2 0 1 0 0.000000
8 2 0 2 0 0.000000
8 2 0 3 0 0.000000
8 2 0 4 0 0.000000
8 2 1 0 0 0.000000
8 2 1 1 0 0.000000
8 2 1 2 0 0.000000
8 2 1 3 0 0.000000
8 2 1 4 0 0.000000
8 3 0 0 0 0.000000
8 3 0 1 0 0.000000
8 3 0 2 0 0.000000
8 3 0 3 0 0.000000
8 3 0 4 0 0.000000
8 3 1 0 0 0.000000
8 3 1 1 0 0.000000
8 3 1 2 0 0.000000
8 3 1 3 0 0.000000
8 3 1 4 0 0.000000
8 4 0 0 0 0.000000
8 4 0 1 0 0.000000
8 4 0 2 0 0.000000
8 4 0 3 0 0.000000
8 4 0 4 0 0.000000
8 4 1 0 0 0.000000
8 4 1 1 0 0.000000
8 4 1 2 0 0.000000
8 4 1 3 0 0.000000
8 4 1 4 0 0.000000
8 5 0 0 0 0.000000
8 5 0 1 0 0.000000
8 5 0 2 0 0.000000
8 5 0 3 0 0.000000
8 5 0 4 0 0.000000
8 5 1 0 0 0.000000
8 5 1 1 0 0.000000
8 5 1 2 0 0.000000
8 5 1 3 0 0.000000
8 5 1 4 0 0.000000
8 6 0 0 0 0.000000
8 6 0 1 0 0.000000
8 6 0 2 0 0.000000
8 6 0 3 0 0.000000
8 6 0 4 0 0.000000
8 6 1 0 0 0.000000
8 6 1 1 0 0.000000
8 6 1 2 0 0.000000
8 6 1 3 0 0.000000
8 6 1 4 0 0.000000
8 7 0 0 0 0.000000
8 7 0 1 0 0.000000
8 7 0 2 0 0.000000
8 7 0 3 0 0.000000
8 7 0 4 0 0.000000
8 7 1 0 0 0.000000
8 7 1 1 0 0.000000
8 7 1 2 0 0.000000
8 7 1 3 0 0.000000
8 7 1 4 0 0.000000
8 8 0 0 0 0.000000
8 8 0 1 0 0.000000
8 8 0 2 0 0.000000
8 8 0 3 0 0.000000
8 8 0 4 0 0.000000
8 8 1 0 0 0.000000
8 8 1 1 0 0.000000
8 8 1 2 0 0.000000
8 8 1 3 0 0.000000
8 8 1 4 0 0.000000
8 9 0 0 0 0.000000
8 9 0 1 0 0.000000
8 9 0 2 0 0.000000
8 9 0 3 0 0.000000
8 9 0 4 0 0.000000
8 9 1 0 0 0.000000
8 9 1 1 0 0.000000
8 9 1 2 0 0.000000
8 9 1 3 0 0.000000
8 9 1 4 0 0.000000
8 10 0 0 0 0.000000
8 10 0 1 0 0.000000
8 10 0 2 0 0.000000
8 10 0 3 0 0.000000
8 10 0 4 0 0.000000
8 10 1 0 0 0.000000
8 10 1 1 0 0.000000
8 10 1 2 0 0.000000
8 10 1 3 0 0.000000
8 10 1 4 0 0.000000
8 11 0 0 0 0.000000
8 11 0 1 0 0.000000
8 11 0 2 0 0.000000
8 11 0 3 0 0.000000
8 11 0 4 0 0.000000
8 11 1 0 0 0.000000
8 11 1 1 0 0.000000
8 11 1 2 0 0.000000
8 11 1 3 0 0.000000
8 11 1 4 0 0.000000
9 0 0 0 0 0.000000
9 0 0 1 0 0.000000
9 0 0 2 0 0.000000
9 0 0 3 0 0.000000
9 0 0 4 0 0.000000
9 0 1 0 0 0.000000
9 0 1 1 0 0.000000
9 0 1 2 0 0.000000
9 0 1 3 0 0.000000
9 0 1 4 0 0.000000
9 1 0 0 0 0.000000
9 1 0 1 0 0.000000
9 1 0 2 0 0.000000
9 1 0 3 0 0.000000
9 1 0 4 0 0.000000
9 1 1 0 0 0.000000
9 1 1 1 0 0.000000
9 1 1 2 0 0.000000
9 1 1 3 0 0.000000
9 1 1 4 0 0.000000
9 2 0 0 0 0.000000
9 2 0 1 0 0.000000
9 2 0 2 0 0.000000
9 2 0 3 0 0.000000
9 2 0 4 0 0.000000
9 2 1 0 0 0.000000
9 2 1 1 0 0.000000
9 2 1 2 0 0.000000
9 2 1 3 0 0.000000
9 2 1 4 0 0.000000
9 3 0 0 0 0.000000
9 3 0 1 0 0.000000
9 3 0 2 0 0.000000
9 3 0 3 0 0.000000
9 3 0 4 0 0.000000
9 3 1 0 0 0.000000
9 3 1 1 0 0.000000
9 3 1 2 0 0.000000
9 3 1 3 0 0.000000
9 3 1 4 0 0.000000
9 4 0 0 0 0.000000
9 4 0 1 0 0.000000
9 4 0 2 0 0.000000
9 4 0 3 0 0.000000
9 4 0 4 0 0.000000
9 4 1 0 0 0.000000
9 4 1 1 0 0.000000
9 4 1 2 0 0.000000
9 4 1 3 0 0.000000
9 4 1 4 0 0.000000
9 5 0 0 0 0.000000
9 5 0 1 0 0.000000
9 5 0 2 0 0.000000
9 5 0 3 0 0.000000
9 5 0 4 0 0.000000
9 5 1 0 0 0.000000
9 5 1 1 0 0.000000
9 5 1 2 0 0.000000
9 5 1 3 0 0.000000
9 5 1 4 0 0.000000
9 6 0 0 0 0.000000
9 6 0 1 0 0.000000
9 6 0 2 0 0.000000
9 6 0 3 0 0.000000
9 6 0 4 0 0.000000
9 6 1 0 0 0.000000
9 6 1 1 0 0.000000
9 6 1 2 0 0.000000
9 6 1 3 0 0.000000
9 6 1 4 0 0.000000
9 7 0 0 0 0.000000
9 7 0 1 0 0.000000
9 7 0 2 0 0.000000
9 7 0 3 0 0.000000
9 7 0 4 0 0.000000
9 7 1 0 0 0.000000
9 7 1 1 0 0.000000
9 7 1 2 0 0.000000
9 7 1 3 0 0.000000
9 7 1 4 0 0.000000
9 8 0 0 0 0.000000
9 8 0 1 0 0.000000
9 8 0 2 0 0.000000
9 8 0 3 0 0.000000
9 8 0 4 0 0.000000
9 8 1 0 0 0.000000
9 8 1 1 0 0.000000
9 8 1 2 0 0.000000
9 8 1 3 0 0.000000
9 8 1 4 0 0.000000
9 9 0 0 0 0.000000
9 9 0 1 0 0.000000
9 9 0 2 0 0.000000
9 9 0 3 0 0.000000
9 9 0 4 0 0.000000
9 9 1 0 0 0.000000
9 9 1 1 0 0.000000
9 9 1 2 0 0.000000
9 9 1 3 0 0.000000
9 9 1 4 0 0.000000
9 10 0 0 0 0.000000
9 10 0 1 0 0.000000
9 10 0 2 0 0.000000
9 10 0 3 0 0.000000
9 10 0 4 0 0.000000
9 10 1 0 0 0.000000
9 10 1 1 0 0.000000
9 10 1 2 0 0.000000
9 10 1 3 0 0.000000
9 10 1 4 0 0.000000
9 11 0 0 0 0.000000
9 11 0 1 0 0.000000
9 11 0 2 0 0.000000
9 11 0 3 0 0.000000
9 11 0 4 0 0.000000
9 11 1 0 0 0.000000
9 11 1 1 0 0.000000
9 11 1 2 0 0.000000
9 11 1 3 0 0.000000
9 11 1 4 0 0.000000
10 0 0 0 0 0.000000
10 0 0 1 0 0.000000
10 0 0 2 0 0.000000
10 0 0 3 0 0.000000
10 0 0 4 0 0.000000
10 0 1 0 0 0.000000
10 0 1 1 0 0.000000
10 0 1 2 0 0.000000
10 0 1 3 0 0.000000
10 0 1 4 0 0.000000
10 1 0 0 0 0.000000
10 1 0 1 0 0.000000
10 1 0 2 0 0.000000
10 1 0 3 0 0.000000
10 1 0 4 0 0.000000
10 1 1 0 0 0.000000
10 1 1 1 0 0.000000
10 1 1 2 0 0.000000
10 1 1 3 0 0.000000
10 1 1 4 0 0.000000
10 2 0 0 0 0.000000
10 2 0 1 0 0.000000
10 2 0 2 0 0.000000
10 2 0 3 0 0.000000
10 2 0 4 0 0.000000
10 2 1 0 0 0.000000
10 2 1 1 0 0.000000
10 2 1 2 0 0.000000
10 2 1 3 0 0.000000
10 2 1 4 0 0.000000
10 3 0 0 0 0.000000
10 3 0 1 0 0.000000
10 3 0 2 0 0.000000
10 3 0 3 0 0.000000
10 3 0 4 0 0.000000
10 3 1 0 0 0.000000
10 3 1 1 0 0.000000
10 3 1 2 0 0.000000
10 3 1 3 0 0.000000
10 3 1 4 0 0.000000
10 4 0 0 0 0.000000
10 4 0 1 0 0.000000
10 4 0 2 0 0.000000
10 4 0 3 0 0.000000
10 4 0 4 0 0.000000
10 4 1 0 0 0.000000
10 4 1 1 0 0.000000
10 4 1 2 0 0.000000
10 4 1 3 0 0.000000
10 4 1 4 0 0.000000
10 5 0 0 0 0.000000
10 5 0 1 0 0.000000
10 5 0 2 0 0.000000
10 5 0 3 0 0.000000
10 5 0 4 0 0.000000
10 5 1 0 0 0.000000
10 5 1 1 0 0.000000
10 5 1 2 0 0.000000
10 5 1 3 0 0.000000
10 5 1 4 0 0.000000
10 6 0 0 0 0.000000
10 6 0 1 0 0.000000
10 6 0 2 0 0.000000
10 6 0 3 0 0.000000
10 6 0 4 0 0.000000
10 6 1 0 0 0.000000
10 6 1 1 0 0.000000
10 6 1 2 0 0.000000
10 6 1 3 0 0.000000
10 6 1 4 0 0.000000
10 7 0 0 0 0.000000
10 7 0 1 0 0.000000
10 7 0 2 0 0.000000
10 7 0 3 0 0.000000
10 7 0 4 0 0.000000
10 7 1 0 0 0.000000
10 7 1 1 0 0.000000
10 7 1 2 0 0.000000
10 7 1 3 0 0.000000
10 7 1 4 0 0.000000
10 8 0 0 0 0.000000
10 8 0 1 0 0.000000
10 8 0 2 0 0.000000
10 8 0 3 0 0.000000
10 8 0 4 0 0.000000
10 8 1 0 0 0.000000
10 8 1 1 0 0.000000
10 8 1 2 0 0.000000
10 8 1 3 0 0.000000
10 8 1 4 0 0.000000
10 9 0 0 0 0.000000
10 9 0 1 0 0.000000
10 9 0 2 0 0.000000
10 9 0 3 0 0.000000
10 9 0 4 0 0.000000
10 9 1 0 0 0.000000
10 9 1 1 0 0.000000
10 9 1 2 0 0.000000
10 9 1 3 0 0.000000
10 9 1 4 0 0.000000
10 10 0 0 0 0.000000
10 10 0 1 0 0.000000
10 10 0 2 0 0.000000
10 10 0 3 0 0.000000
10 10 0 4 0 0.000000
10 10 1 0 0 0.000000
10 10 1 1 0 0.000000
10 10 1 2 0 0.000000
10 10 1 3 0 0.000000
10 10 1 4 0 0.000000
10 11 0 0 0 0.000000
10 11 0 1 0 0.000000
10 11 0 2 0 0.000000
10 11 0 3 0 0.000000
10 11 0 4 0 0.000000
10 11 1 0 0 0.000000
10 11 1 1 0 0.000000
10 11 1 2 0 0.000000
10 11 1 3 0 0.000000
10 11 1 4 0 0.000000
11 0 0 0 0 0.000000
11 0 0 1 0 0.000000
11 0 0 2 0 0.000000
11 0 0 3 0 0.000000
11 0 0 4 0 0.000000
11 0 1 0 0 0.000000
11 0 1 1 0 0.000000
11 0 1 2 0 0.000000
11 0 1 3 0 0.000000
11 0 1 4 0 0.000000
11 1 0 0 0 0.000000
11 1 0 1 0 0.000000
11 1 0 2 0 0.000000
11 1 0 3 0 0.000000
11 1 0 4 0 0.000000
11 1 1 0 0 0.000000
11 1 1 1 0 0.000000
11 1 1 2 0 0.000000
11 1 1 3 0 0.000000
11 1 1 4 0 0.000000
11 2 0 0 0 0.000000
11 2 0 1 0 0.000000
11 2 0 2 0 0.000000
11 2 0 3 0 0.000000
11 2 0 4 0 0.000000
11 2 1 0 0 0.000000
11 2 1 1 0 0.000000
11 2 1 2 0 0.000000
11 2 1 3 0 0.000000
11 2 1 4 0 0.000000
11 3 0 0 0 0.000000
11 3 0 1 0 0.000000
11 3 0 2 0 0.000000
11 3 0 3 0 0.000000
11 3 0 4 0 0.000000
11 3 1 0 0 0.000000
11 3 1 1 0 0.000000
11 3 1 2 0 0.000000
11 3 1 3 0 0.000000
11 3 1 4 0 0.000000
11 4 0 0 0 0.000000
11 4 0 1 0 0.000000
11 4 0 2 0 0.000000
11 4 0 3 0 0.000000
11 4 0 4 0 0.000000
11 4 1 0 0 0.000000
11 4 1 1 0 0.000000
11 4 1 2 0 0.000000
11 4 1 3 0 0.000000
11 4 1 4 0 0.000000
11 5 0 0 0 0.000000
11 5 0 1 0 0.000000
11 5 0 2 0 0.000000
11 5 0 3 0 0.000000
11 5 0 4 0 0.000000
11 5 1 0 0 0.000000
11 5 1 1 0 0.000000
11 5 1 2 0 0.000000
11 5 1 3 0 0.000000
11 5 1 4 0 0.000000
11 6 0 0 0 0.000000
11 6 0 1 0 0.000000
11 6 0 2 0 0.000000
11 6 0 3 0 0.000000
11 6 0 4 0 0.000000
11 6 1 0 0 0.000000
11 6 1 1 0 0.000000
11 6 1 2 0 0.000000
11 6 1 3 0 0.000000
11 6 1 4 0 0.000000
11 7 0 0 0 0.000000
11 7 0 1 0 0.000000
11 7 0 2 0 0.000000
11 7 0 3 0 0.000000
11 7 0 4 0 0.000000
11 7 1 0 0 0.000000
11 7 1 1 0 0.000000
11 7 1 2 0 0.000000
11 7 1 3 0 0.000000
11 7 1 4 0 0.000000
11 8 0 0 0 0.000000
11 8 0 1 0 0.000000
11 8 0 2 0 0.000000
11 8 0 3 0 0.000000
11 8 0 4 0 0.000000
11 8 1 0 0 0.000000
11 8 1 1 0 0.000000
11 8 1 2 0 0.000000
11 8 1 3 0 0.000000
11 8 1 4 0 0.000000
11 9 0 0 0 0.000000
11 9 0 1 0 0.000000
11 9 0 2 0 0.000000
11 9 0 3 0 0.000000
11 9 0 4 0 0.000000
11 9 1 0 0 0.000000
11 9 1 1 0 0.000000
11 9 1 2 0 0.000000
11 9 1 3 0 0.000000
11 9 1 4 0 0.000000
11 10 0 0 0 0.000000
11 10 0 1 0 0.000000
11 10 0 2 0 0.000000
11 10 0 3 0 0.000000
11 10 0 4 0 0.000000
11 10 1 0 0 0.000000
11 10 1 1 0 0.000000
11 10 1 2 0 0.000000
11 10 1 3 0 0.000000
11 10 1 4 0 0.000000
11 11 0 0 0 0.000000
11 11 0 1 0 0.000000
11 11 0 2 0 0.000000
11 11 0 3 0 0.000000
11 11 0 4 0 0.000000
11 11 1 0 0 0.000000
11 11 1 1 0 0.000000
11 11 1 2 0 0.000000
11 11 1 3 0 0.000000
11 11 1 4 0 0.000000
12 0 0 0 0 0.000000
12 0 0 1 0 0.000000
12 0 0 2 0 0.000000
12 0 0 3 0 0.000000
12 0 0 4 0 0.000000
12 0 1 0 0 0.000000
12 0 1 1 0 0.000000
12 0 1 2 0 0.000000
12 0 1 3 0 0.000000
12 0 1 4 0 0.000000
12 1 0 0 0 0.000000
12 1 0 1 0 0.000000
12 1 0 2 0 0.000000
12 1 0 3 0 0.000000
12 1 0 4 0 0.000000
12 1 1 0 0 0.000000
12 1 1 1 0 0.000000
12 1 1 2 0 0.000000
12 1 1 3 0 0.000000
12 1 1 4 0 0.000000
12 2 0 0 0 0.000000
12 2 0 1 0 0.000000
12 2 0 2 0 0.000000
12 2 0 3 0 0.000000
12 2 0 4 0 0.000000
12 2 1 0 0 0.000000
12 2 1 1 0 0.000000
12 2 1 2 0 0.000000
12 2 1 3 0 0.000000
12 2 1 4 0 0.000000
12 3 0 0 0 0.000000
12 3 0 1 0 0.000000
12 3 0 2 0 0.000000
12 3 0 3 0 0.000000
12 3 0 4 0 0.000000
12 3 1 0 0 0.000000
12 3 1 1 0 0.000000
12 3 1 2 0 0.000000
12 3 1 3 0 0.000000
12 3 1 4 0 0.000000
12 4 0 0 0 0.000000
12 4 0 1 0 0.000000
12 4 0 2 0 0.000000
12 4 0 3 0 0.000000
12 4 0 4 0 0.000000
12 4 1 0 0 0.000000
12 4 1 1 0 0.000000
12 4 1 2 0 0.000000
12 4 1 3 0 0.000000
12 4 1 4 0 0.000000
12 5 0 0 0 0.000000
12 5 0 1 0 0.000000
12 5 0 2 0 0.000000
12 5 0 3 0 0.000000
12 5 0 4 0 0.000000
12 5 1 0 0 0.000000
12 5 1 1 0 0.000000
12 5 1 2 0 0.000000
12 5 1 3 0 0.000000
12 5 1 4 0 0.000000
12 6 0 0 0 0.000000
12 6 0 1 0 0.000000
12 6 0 2 0 0.000000
12 6 0 3 0 0.000000
12 6 0 4 0 0.000000
12 6 1 0 0 0.000000
12 6 1 1 0 0.000000
12 6 1 2 0 0.000000
12 6 1 3 0 0.000000
12 6 1 4 0 0.000000
12 7 0 0 0 0.000000
12 7 0 1 0 0.000000
12 7 0 2 0 0.000000
12 7 0 3 0 0.000000
12 7 0 4 0 0.000000
12 7 1 0 0 0.000000
12 7 1 1 0 0.000000
12 7 1 2 0 0.000000
12 7 1 3 0 0.000000
12 7 1 4 0 0.000000
12 8 0 0 0 0.000000
12 8 0 1 0 0.000000
12 8 0 2 0 0.000000
12 8 0 3 0 0.000000
12 8 0 4 0 0.000000
12 8 1 0 0 0.000000
12 8 1 1 0 0.000000
12 8 1 2 0 0.000000
12 8 1 3 0 0.000000
12 8 1 4 0 0.000000
12 9 0 0 0 0.000000
12 9 0 1 0 0.000000
12 9 0 2 0 0.000000
12 9 0 3 0 0.000000
12 9 0 4 0 0.000000
12 9 1 0 0 0.000000
12 9 1 1 0 0.000000
12 9 1 2 0 0.000000
12 9 1 3 0 0.000000
12 9 1 4 0 0.000000
12 10 0 0 0 0.000000
12 10 0 1 0 0.000000
12 10 0 2 0 0.000000
12 10 0 3 0 0.000000
12 10 0 4 0 0.000000
12 10 1 0 0 0.000000
12 10 1 1 0 0.000000
12 10 1 2 0 0.000000
12 10 1 3 0 0.000000
12 10 1 4 0 0.000000
12 11 0 0 0 0.000000
12 11 0 1 0 0.000000
12 11 0 2 0 0.000000
12 11 0 3 0 0.000000
12 11 0 4 0 0.000000
12 11 1 0 0 0.000000
12 11 1 1 0 0.000000
12 11 1 2 0 0.000000
12 11 1 3 0 0.000000
12 11 1 4 0 0.000000
13 0 0 0 0 0.000000
13 0 0 1 0 0.000000
13 0 0 2 0 0.000000
13 0 0 3 0 0.000000
13 0 0 4 0 0.000000
13 0 1 0 0 0.000000
13 0 1 1 0 0.000000
13 0 1 2 0 0.000000
13 0 1 3 0 0.000000
13 0 1 4 0 0.000000
13 1 0 0 0 0.000000
13 1 0 1 0 0.000000
13 1 0 2 0 0.000000
13 1 0 3 0 0.000000
13 1 0 4 0 0.000000
13 1 1 0 0 0.000000
13 1 1 1 0 0.000000
13 1 1 2 0 0.000000
13 1 1 3 0 0.000000
13 1 1 4 0 0.000000
13 2 0 0 27 -0.703704
13 2 0 1 2 -1.000000
13 2 0 2 0 0.000000
13 2 0 3 0 0.000000
13 2 0 4 0 0.000000
13 2 1 0 16 -0.375000
13 2 1 1 3 1.000000
13 2 1 2 0 0.000000
13 2 1 3 0 0.000000
13 2 1 4 0 0.000000
13 3 0 0 17 -0.764706
13 3 0 1 0 0.000000
13 3 0 2 0 0.000000
13 3 0 3 0 0.000000
13 3 0 4 0 0.000000
13 3 1 0 21 -0.333333
13 3 1 1 2 -1.000000
13 3 1 2 0 0.000000
13 3 1 3 0 0.000000
13 3 1 4 0 0.000000
13 4 0 0 18 -0.777778
13 4 0 1 3 -1.000000
13 4 0 2 0 0.000000
13 4 0 3 0 0.000000
13 4 0 4 0 0.000000
13 4 1 0 19 0.052632
13 4 1 1 2 -1.000000
13 4 1 2 0 0.000000
13 4 1 3 0 0.000000
13 4 1 4 0 0.000000
13 5 0 0 23 -0.565217
13 5 0 1 2 -1.000000
13 5 0 2 0 0.000000
13 5 0 3 0 0.000000
13 5 0 4 0 0.000000
13 5 1 0 26 -0.307692
13 5 1 1 1 1.000000
13 5 1 2 0 0.000000
13 5 1 3 0 0.000000
13 5 1 4 0 0.000000
13 6 0 0 22 -0.863636
13 6 0 1 3 0.333333
13 6 0 2 0 0.000000
13 6 0 3 0 0.000000
13 6 0 4 0 0.000000
13 6 1 0 28 -0.071429
13 6 1 1 3 1.000000
13 6 1 2 0 0.000000
13 6 1 3 0 0.000000
13 6 1 4 0 0.000000
13 7 0 0 21 -0.809524
13 7 0 1 1 -1.000000
13 7 0 2 0 0.000000
13 7 0 3 0 0.000000
13 7 0 4 0 0.000000
13 7 1 0 34 -0.294118
13 7 1 1 1 -1.000000
13 7 1 2 0 0.000000
13 7 1 3 0 0.000000
13 7 1 4 0 0.000000
13 8 0 0 17 -0.647059
13 8 0 1 3 -1.000000
13 8 0 2 0 0.000000
13 8 0 3 0 0.000000
13 8 0 4 0 0.000000
13 8 1 0 27 -0.407407
13 8 1 1 4 0.000000
13 8 1 2 0 0.000000
13 8 1 3 0 0.000000
13 8 1 4 0 0.000000
13 9 0 0 20 -0.800000
13 9 0 1 4 -0.500000
13 9 0 2 0 0.000000
13 9 0 3 0 0.000000
13 9 0 4 0 0.000000
13 9 1 0 26 -0.615385
13 9 1 1 6 -0.666667
13 9 1 2 0 0.000000
13 9 1 3 0 0.000000
13 9 1 4 0 0.000000
13 10 0 0 79 -0.797468
13 10 0 1 9 -0.777778
13 10 0 2 0 0.000000
13 10 0 3 0 0.000000
13 10 0 4 0 0.000000
13 10 1 0 101 -0.584158
13 10 1 1 15 -0.466667
13 10 1 2 0 0.000000
13 10 1 3 0 0.000000
13 10 1 4 0 0.000000
13 11 0 0 21 -0.761905
13 11 0 1 2 -0.500000
13 11 0 2 0 0.000000
13 11 0 3 0 0.000000
13 11 0 4 0 0.000000
13 11 1 0 33 -0.757576
13 11 1 1 1 -1.000000
13 11 1 2 0 0.000000
13 11 1 3 0 0.000000
13 11 1 4 0 0.000000
14 0 0 0 0 0.000000
14 0 0 1 0 0.000000
14 0 0 2 0 0.000000
14 0 0 3 0 0.000000
14 0 0 4 0 0.000000
14 0 1 0 0 0.000000
14 0 1 1 0 0.000000
14 0 1 2 0 0.000000
14 0 1 3 0 0.000000
14 0 1 4 0 0.000000
14 1 0 0 0 0.000000
14 1 0 1 0 0.000000
14 1 0 2 0 0.000000
14 1 0 3 0 0.000000
14 1 0 4 0 0.000000
14 1 1 0 0 0.000000
14 1 1 1 0 0.000000
14 1 1 2 0 0.000000
14 1 1 3 0 0.000000
14 1 1 4 0 0.000000
14 2 0 0 28 -0.785714
14 2 0 1 2 -1.000000
14 2 0 2 0 0.000000
14 2 0 3 0 0.000000
14 2 0 4 0 0.000000
14 2 1 0 25 -0.520000
14 2 1 1 3 -0.333333
14 2 1 2 0 0.000000
14 2 1 3 0 0.000000
14 2 1 4 0 0.000000
14 3 0 0 21 -0.714286
14 3 0 1 1 1.000000
14 3 0 2 0 0.000000
14 3 0 3 0 0.000000
14 3 0 4 0 0.000000
14 3 1 0 27 -0.185185
14 3 1 1 3 0.333333
14 3 1 2 0 0.000000
14 3 1 3 0 0.000000
14 3 1 4 0 0.000000
14 4 0 0 19 -0.684211
14 4 0 1 2 -1.000000
14 4 0 2 0 0.000000
14 4 0 3 0 0.000000
14 4 0 4 0 0.000000
14 4 1 0 15 -0.333333
14 4 1 1 4 0.000000
14 4 1 2 0 0.000000
14 4 1 3 0 0.000000
14 4 1 4 0 0.000000
14 5 0 0 19 -0.894737
14 5 0 1 2 -1.000000
14 5 0 2 0 0.000000
14 5 0 3 0 0.000000
14 5 0 4 0 0.000000
14 5 1 0 18 -0.222222
14 5 1 1 1 1.000000
14 5 1 2 0 0.000000
14 5 1 3 0 0.000000
14 5 1 4 0 0.000000
14 6 0 0 16 -0.625000
14 6 0 1 3 1.000000
14 6 0 2 0 0.000000
14 6 0 3 0 0.000000
14 6 0 4 0 0.000000
14 6 1 0 24 -0.333333
14 6 1 1 5 0.200000
14 6 1 2 0 0.000000
14 6 1 3 0 0.000000
14 6 1 4 0 0.000000
14 7 0 0 18 -0.555556
14 7 0 1 1 -1.000000
14 7 0 2 0 0.000000
14 7 0 3 0 0.000000
14 7 0 4 0 0.000000
14 7 1 0 19 -0.473684
14 7 1 1 2 -1.000000
14 7 1 2 0 0.000000
14 7 1 3 0 0.000000
14 7 1 4 0 0.000000
14 8 0 0 10 -1.000000
14 8 0 1 1 -1.000000
14 8 0 2 0 0.000000
14 8 0 3 0 0.000000
14 8 0 4 0 0.000000
14 8 1 0 31 -0.741935
14 8 1 1 5 -1.000000
14 8 1 2 0 0.000000
14 8 1 3 0 0.000000
14 8 1 4 0 0.000000
14 9 0 0 22 -0.727273
14 9 0 1 1 -1.000000
14 9 0 2 0 0.000000
14 9 0 3 0 0.000000
14 9 0 4 0 0.000000
14 9 1 0 29 -0.586207
14 9 1 1 2 -1.000000
14 9 1 2 0 0.000000
14 9 1 3 0 0.000000
14 9 1 4 0 0.000000
14 10 0 0 91 -0.758242
14 10 0 1 12 -0.666667
14 10 0 2 0 0.000000
14 10 0 3 0 0.000000
14 10 0 4 0 0.000000
14 10 1 0 80 -0.450000
14 10 1 1 12 -0.666667
14 10 1 2 0 0.000000
14 10 1 3 0 0.000000
14 10 1 4 0 0.000000
14 11 0 0 20 -0.850000
14 11 0 1 2 -1.000000
14 11 0 2 0 0.000000
14 11 0 3 0 0.000000
14 11 0 4 0 0.000000
14 11 1 0 18 -0.555555
14 11 1 1 4 -1.000000
14 11 1 2 0 0.000000
14 11 1 3 0 0.000000
14 11 1 4 0 0.000000
15 0 0 0 0 0.000000
15 0 0 1 0 0.000000
15 0 0 2 0 0.000000
15 0 0 3 0 0.000000
15 0 0 4 0 0.000000
15 0 1 0 0 0.000000
15 0 1 1 0 0.000000
15 0 1 2 0 0.000000
15 0 1 3 0 0.000000
15 0 1 4 0 0.000000
15 1 0 0 0 0.000000
15 1 0 1 0 0.000000
15 1 0 2 0 0.000000
15 1 0 3 0 0.000000
15 1 0 4 0 0.000000
15 1 1 0 0 0.000000
15 1 1 1 0 0.000000
15 1 1 2 0 0.000000
15 1 1 3 0 0.000000
15 1 1 4 0 0.000000
15 2 0 0 14 -0.857143
15 2 0 1 2 1.000000
15 2 0 2 0 0.000000
15 2 0 3 0 0.000000
15 2 0 4 0 0.000000
15 2 1 0 25 -0.360000
15 2 1 1 1 1.000000
15 2 1 2 0 0.000000
15 2 1 3 0 0.000000
15 2 1 4 0 0.000000
15 3 0 0 22 -0.818182
15 3 0 1 7 -1.000000
15 3 0 2 0 0.000000
15 3 0 3 0 0.000000
15 3 0 4 0 0.000000
15 3 1 0 23 -0.130435
15 3 1 1 2 -1.000000
15 3 1 2 0 0.000000
15 3 1 3 0 0.000000
15 3 1 4 0 0.000000
15 4 0 0 22 -0.909091
15 4 0 1 0 0.000000
15 4 0 2 0 0.000000
15 4 0 3 0 0.000000
15 4 0 4 0 0.000000
15 4 1 0 24 -0.416667
15 4 1 1 0 0.000000
15 4 1 2 0 0.000000
15 4 1 3 0 0.000000
15 4 1 4 0 0.000000
15 5 0 0 17 -0.764706
15 5 0 1 2 -1.000000
15 5 0 2 0 0.000000
15 5 0 3 0 0.000000
15 5 0 4 0 0.000000
15 5 1 0 14 -0.142857
15 5 1 1 4 -1.000000
15 5 1 2 0 0.000000
15 5 1 3 0 0.000000
15 5 1 4 0 0.000000
15 6 0 0 17 -0.529412
15 6 0 1 2 -1.000000
15 6 0 2 0 0.000000
15 6 0 3 0 0.000000
15 6 0 4 0 0.000000
15 6 1 0 21 -0.142857
15 6 1 1 6 0.333333
15 6 1 2 0 0.000000
15 6 1 3 0 0.000000
15 6 1 4 0 0.000000
15 7 0 0 23 -0.652174
15 7 0 1 3 -0.333333
15 7 0 2 0 0.000000
15 7 0 3 0 0.000000
15 7 0 4 0 0.000000
15 7 1 0 20 -0.400000
15 7 1 1 0 0.000000
15 7 1 2 0 0.000000
15 7 1 3 0 0.000000
15 7 1 4 0 0.000000
15 8 0 0 28 -0.714286
15 8 0 1 4 -0.500000
15 8 0 2 0 0.000000
15 8 0 3 0 0.000000
15 8 0 4 0 0.000000
15 8 1 0 21 -0.714286
15 8 1 1 6 -1.000000
15 8 1 2 0 0.000000
15 8 1 3 0 0.000000
15 8 1 4 0 0.000000
15 9 0 0 26 -0.653846
15 9 0 1 1 -1.000000
15 9 0 2 0 0.000000
15 9 0 3 0 0.000000
15 9 0 4 0 0.000000
15 9 1 0 26 -0.692308
15 9 1 1 3 0.333333
15 9 1 2 0 0.000000
15 9 1 3 0 0.000000
15 9 1 4 0 0.000000
15 10 0 0 96 -0.833333
15 10 0 1 8 -0.750000
15 10 0 2 0 0.000000
15 10 0 3 0 0.000000
15 10 0 4 0 0.000000
15 10 1 0 94 -0.617021
15 10 1 1 9 -0.555556
15 10 1 2 0 0.000000
15 10 1 3 0 0.000000
15 10 1 4 0 0.000000
15 11 0 0 21 -0.714286
15 11 0 1 1 0.000000
15 11 0 2 0 0.000000
15 11 0 3 0 0.000000
15 11 0 4 0 0.000000
15 11 1 0 15 -0.733333
15 11 1 1 3 -1.000000
15 11 1 2 0 0.000000
15 11 1 3 0 0.000000
15 11 1 4 0 0.000000
16 0 0 0 0 0.000000
16 0 0 1 0 0.000000
16 0 0 2 0 0.000000
16 0 0 3 0 0.000000
16 0 0 4 0 0.000000
16 0 1 0 0 0.000000
16 0 1 1 0 0.000000
16 0 1 2 0 0.000000
16 0 1 3 0 0.000000
16 0 1 4 0 0.000000
16 1 0 0 0 0.000000
16 1 0 1 0 0.000000
16 1 0 2 0 0.000000
16 1 0 3 0 0.000000
16 1 0 4 0 0.000000
16 1 1 0 0 0.000000
16 1 1 1 0 0.000000
16 1 1 2 0 0.000000
16 1 1 3 0 0.000000
16 1 1 4 0 0.000000
16 2 0 0 24 -0.875000
16 2 0 1 2 -1.000000
16 2 0 2 0 0.000000
16 2 0 3 0 0.000000
16 2 0 4 0 0.000000
16 2 1 0 23 -0.391304
16 2 1 1 5 -0.600000
16 2 1 2 0 0.000000
16 2 1 3 0 0.000000
16 2 1 4 0 0.000000
16 3 0 0 26 -0.923077
16 3 0 1 2 -1.000000
16 3 0 2 0 0.000000
16 3 0 3 0 0.000000
16 3 0 4 0 0.000000
16 3 1 0 16 -0.375000
16 3 1 1 2 1.000000
16 3 1 2 0 0.000000
16 3 1 3 0 0.000000
16 3 1 4 0 0.000000
16 4 0 0 25 -0.840000
16 4 0 1 2 -1.000000
16 4 0 2 0 0.000000
16 4 0 3 0 0.000000
16 4 0 4 0 0.000000
16 4 1 0 30 -0.200000
16 4 1 1 4 0.000000
16 4 1 2 0 0.000000
16 4 1 3 0 0.000000
16 4 1 4 0 0.000000
16 5 0 0 24 -0.833333
16 5 0 1 0 0.000000
16 5 0 2 0 0.000000
16 5 0 3 0 0.000000
16 5 0 4 0 0.000000
16 5 1 0 19 0.157895
16 5 1 1 3 0.333333
16 5 1 2 0 0.000000
16 5 1 3 0 0.000000
16 5 1 4 0 0.000000
16 6 0 0 28 -0.464286
16 6 0 1 3 -0.333333
16 6 0 2 0 0.000000
16 6 0 3 0 0.000000
16 6 0 4 0 0.000000
16 6 1 0 23 -0.217391
16 6 1 1 1 1.000000
16 6 1 2 0 0.000000
16 6 1 3 0 0.000000
16 6 1 4 0 0.000000
16 7 0 0 23 -0.565217
16 7 0 1 3 -0.333333
16 7 0 2 0 0.000000
16 7 0 3 0 0.000000
16 7 0 4 0 0.000000
16 7 1 0 21 -0.333333
16 7 1 1 3 -0.333333
16 7 1 2 0 0.000000
16 7 1 3 0 0.000000
16 7 1 4 0 0.000000
16 8 0 0 19 -0.526316
16 8 0 1 1 -1.000000
16 8 0 2 0 0.000000
16 8 0 3 0 0.000000
16 8 0 4 0 0.000000
16 8 1 0 27 -0.481482
16 8 1 1 7 -1.000000
16 8 1 2 0 0.000000
16 8 1 3 0 0.000000
16 8 1 4 0 0.000000
16 9 0 0 22 -0.818182
16 9 0 1 3 -1.000000
16 9 0 2 0 0.000000
16 9 0 3 0 0.000000
16 9 0 4 0 0.000000
16 9 1 0 14 -0.285714
16 9 1 1 4 -1.000000
16 9 1 2 0 0.000000
16 9 1 3 0 0.000000
16 9 1 4 0 0.000000
16 10 0 0 93 -0.774193
16 10 0 1 6 -0.666667
16 10 0 2 0 0.000000
16 10 0 3 0 0.000000
16 10 0 4 0 0.000000
16 10 1 0 85 -0.505882
16 10 1 1 12 -0.833333
16 10 1 2 0 0.000000
16 10 1 3 0 0.000000
16 10 1 4 0 0.000000
16 11 0 0 16 -0.687500
16 11 0 1 2 -1.000000
16 11 0 2 0 0.000000
16 11 0 3 0 0.000000
16 11 0 4 0 0.000000
16 11 1 0 18 -0.888889
16 11 1 1 1 -1.000000
16 11 1 2 0 0.000000
16 11 1 3 0 0.000000
16 11 1 4 0 0.000000
17 0 0 0 0 0.000000
17 0 0 1 0 0.000000
17 0 0 2 0 0.000000
17 0 0 3 0 0.000000
17 0 0 4 0 0.000000
17 0 1 0 0 0.000000
17 0 1 1 0 0.000000
17 0 1 2 0 0.000000
17 0 1 3 0 0.000000
17 0 1 4 0 0.000000
17 1 0 0 0 0.000000
17 1 0 1 0 0.000000
17 1 0 2 0 0.000000
17 1 0 3 0 0.000000
17 1 0 4 0 0.000000
17 1 1 0 0 0.000000
17 1 1 1 0 0.000000
17 1 1 2 0 0.000000
17 1 1 3 0 0.000000
17 1 1 4 0 0.000000
17 2 0 0 22 -0.500000
17 2 0 1 3 -0.333333
17 2 0 2 0 0.000000
17 2 0 3 0 0.000000
17 2 0 4 0 0.000000
17 2 1 0 17 0.000000
17 2 1 1 1 0.000000
17 2 1 2 0 0.000000
17 2 1 3 0 0.000000
17 2 1 4 0 0.000000
17 3 0 0 33 -0.757576
17 3 0 1 5 -1.000000
17 3 0 2 0 0.000000
17 3 0 3 0 0.000000
17 3 0 4 0 0.000000
17 3 1 0 17 -0.117647
17 3 1 1 3 -0.333333
17 3 1 2 0 0.000000
17 3 1 3 0 0.000000
17 3 1 4 0 0.000000
17 4 0 0 26 -0.923077
17 4 0 1 2 -1.000000
17 4 0 2 0 0.000000
17 4 0 3 0 0.000000
17 4 0 4 0 0.000000
17 4 1 0 18 0.166667
17 4 1 1 2 0.000000
17 4 1 2 0 0.000000
17 4 1 3 0 0.000000
17 4 1 4 0 0.000000
17 5 0 0 30 -0.833333
17 5 0 1 1 -1.000000
17 5 0 2 0 0.000000
17 5 0 3 0 0.000000
17 5 0 4 0 0.000000
17 5 1 0 25 -0.120000
17 5 1 1 4 -0.500000
17 5 1 2 0 0.000000
17 5 1 3 0 0.000000
17 5 1 4 0 0.000000
17 6 0 0 29 -0.862069
17 6 0 1 4 0.500000
17 6 0 2 0 0.000000
17 6 0 3 0 0.000000
17 6 0 4 0 0.000000
17 6 1 0 19 0.052632
17 6 1 1 5 0.400000
17 6 1 2 0 0.000000
17 6 1 3 0 0.000000
17 6 1 4 0 0.000000
17 7 0 0 14 -0.714286
17 7 0 1 2 -1.000000
17 7 0 2 0 0.000000
17 7 0 3 0 0.000000
17 7 0 4 0 0.000000
17 7 1 0 16 0.062500
17 7 1 1 5 -0.200000
17 7 1 2 0 0.000000
17 7 1 3 0 0.000000
17 7 1 4 0 0.000000
17 8 0 0 21 -0.809524
17 8 0 1 4 -0.500000
17 8 0 2 0 0.000000
17 8 0 3 0 0.000000
17 8 0 4 0 0.000000
17 8 1 0 20 -0.250000
17 8 1 1 4 0.000000
17 8 1 2 0 0.000000
17 8 1 3 0 0.000000
17 8 1 4 0 0.000000
17 9 0 0 27 -0.962963
17 9 0 1 8 -0.750000
17 9 0 2 0 0.000000
17 9 0 3 0 0.000000
17 9 0 4 0 0.000000
17 9 1 0 16 -0.437500
17 9 1 1 2 -0.500000
17 9 1 2 0 0.000000
17 9 1 3 0 0.000000
17 9 1 4 0 0.000000
17 10 0 0 98 -0.897959
17 10 0 1 12 -0.666667
17 10 0 2 0 0.000000
17 10 0 3 0 0.000000
17 10 0 4 0 0.000000
17 10 1 0 71 -0.436620
17 10 1 1 12 -0.333333
17 10 1 2 0 0.000000
17 10 1 3 0 0.000000
17 10 1 4 0 0.000000
17 11 0 0 22 -0.636364
17 11 0 1 0 0.000000
17 11 0 2 0 0.000000
17 11 0 3 0 0.000000
17 11 0 4 0 0.000000
17 11 1 0 21 -0.571429
17 11 1 1 1 -1.000000
17 11 1 2 0 0.000000
17 11 1 3 0 0.000000
17 11 1 4 0 0.000000
18 0 0 0 0 0.000000
18 0 0 1 0 0.000000
18 0 0 2 0 0.000000
18 0 0 3 0 0.000000
18 0 0 4 0 0.000000
18 0 1 0 0 0.000000
18 0 1 1 0 0.000000
18 0 1 2 0 0.000000
18 0 1 3 0 0.000000
18 0 1 4 0 0.000000
18 1 0 0 0 0.000000
18 1 0 1 0 0.000000
18 1 0 2 0 0.000000
18 1 0 3 0 0.000000
18 1 0 4 0 0.000000
18 1 1 0 0 0.000000
18 1 1 1 0 0.000000
18 1 1 2 0 0.000000
18 1 1 3 0 0.000000
18 1 1 4 0 0.000000
18 2 0 0 20 -0.900000
18 2 0 1 2 0.000000
18 2 0 2 0 0.000000
18 2 0 3 0 0.000000
18 2 0 4 0 0.000000
18 2 1 0 13 0.153846
18 2 1 1 0 0.000000
18 2 1 2 0 0.000000
18 2 1 3 0 0.000000
18 2 1 4 0 0.000000
18 3 0 0 27 -0.777778
18 3 0 1 2 -1.000000
18 3 0 2 0 0.000000
18 3 0 3 0 0.000000
18 3 0 4 0 0.000000
18 3 1 0 22 0.409091
18 3 1 1 2 0.000000
18 3 1 2 0 0.000000
18 3 1 3 0 0.000000
18 3 1 4 0 0.000000
18 4 0 0 22 -0.818182
18 4 0 1 2 -1.000000
18 4 0 2 0 0.000000
18 4 0 3 0 0.000000
18 4 0 4 0 0.000000
18 4 1 0 17 0.176471
18 4 1 1 3 0.333333
18 4 1 2 0 0.000000
18 4 1 3 0 0.000000
18 4 1 4 0 0.000000
18 5 0 0 24 -0.666667
18 5 0 1 1 -1.000000
18 5 0 2 0 0.000000
18 5 0 3 0 0.000000
18 5 0 4 0 0.000000
18 5 1 0 18 0.444444
18 5 1 1 3 0.666667
18 5 1 2 0 0.000000
18 5 1 3 0 0.000000
18 5 1 4 0 0.000000
18 6 0 0 19 -1.000000
18 6 0 1 5 -0.600000
18 6 0 2 0 0.000000
18 6 0 3 0 0.000000
18 6 0 4 0 0.000000
18 6 1 0 22 0.136364
18 6 1 1 6 -0.333333
18 6 1 2 0 0.000000
18 6 1 3 0 0.000000
18 6 1 4 0 0.000000
18 7 0 0 28 -0.928571
18 7 0 1 3 -0.333333
18 7 0 2 0 0.000000
18 7 0 3 0 0.000000
18 7 0 4 0 0.000000
18 7 1 0 22 0.409091
18 7 1 1 2 1.000000
18 7 1 2 0 0.000000
18 7 1 3 0 0.000000
18 7 1 4 0 0.000000
18 8 0 0 20 -1.000000
18 8 0 1 3 -0.333333
18 8 0 2 0 0.000000
18 8 0 3 0 0.000000
18 8 0 4 0 0.000000
18 8 1 0 23 0.347826
18 8 1 1 2 0.500000
18 8 1 2 0 0.000000
18 8 1 3 0 0.000000
18 8 1 4 0 0.000000
18 9 0 0 25 -0.920000
18 9 0 1 2 0.000000
18 9 0 2 0 0.000000
18 9 0 3 0 0.000000
18 9 0 4 0 0.000000
18 9 1 0 17 -0.352941
18 9 1 1 4 -0.500000
18 9 1 2 0 0.000000
18 9 1 3 0 0.000000
18 9 1 4 0 0.000000
18 10 0 0 99 -0.959596
18 10 0 1 12 -0.833333
18 10 0 2 0 0.000000
18 10 0 3 0 0.000000
18 10 0 4 0 0.000000
18 10 1 0 61 -0.229508
18 10 1 1 7 0.142857
18 10 1 2 0 0.000000
18 10 1 3 0 0.000000
18 10 1 4 0 0.000000
18 11 0 0 22 -0.772727
18 11 0 1 4 -0.750000
18 11 0 2 0 0.000000
18 11 0 3 0 0.000000
18 11 0 4 0 0.000000
18 11 1 0 14 -0.285714
18 11 1 1 1 1.000000
18 11 1 2 0 0.000000
18 11 1 3 0 0.000000
18 11 1 4 0 0.000000
19 0 0 0 0 0.000000
19 0 0 1 0 0.000000
19 0 0 2 0 0.000000
19 0 0 3 0 0.000000
19 0 0 4 0 0.000000
19 0 1 0 0 0.000000
19 0 1 1 0 0.000000
19 0 1 2 0 0.000000
19 0 1 3 0 0.000000
19 0 1 4 0 0.000000
19 1 0 0 0 0.000000
19 1 0 1 0 0.000000
19 1 0 2 0 0.000000
19 1 0 3 0 0.000000
19 1 0 4 0 0.000000
19 1 1 0 0 0.000000
19 1 1 1 0 0.000000
19 1 1 2 0 0.000000
19 1 1 3 0 0.000000
19 1 1 4 0 0.000000
19 2 0 0 28 -0.928571
19 2 0 1 3 -1.000000
19 2 0 2 0 0.000000
19 2 0 3 0 0.000000
19 2 0 4 0 0.000000
19 2 1 0 8 0.875000
19 2 1 1 4 -0.500000
19 2 1 2 0 0.000000
19 2 1 3 0 0.000000
19 2 1 4 0 0.000000
19 3 0 0 19 -0.894737
19 3 0 1 6 -0.333333
19 3 0 2 0 0.000000
19 3 0 3 0 0.000000
19 3 0 4 0 0.000000
19 3 1 0 10 0.600000
19 3 1 1 2 0.000000
19 3 1 2 0 0.000000
19 3 1 3 0 0.000000
19 3 1 4 0 0.000000
19 4 0 0 23 -0.913043
19 4 0 1 5 -1.000000
19 4 0 2 0 0.000000
19 4 0 3 0 0.000000
19 4 0 4 0 0.000000
19 4 1 0 19 0.263158
19 4 1 1 2 -1.000000
19 4 1 2 0 0.000000
19 4 1 3 0 0.000000
19 4 1 4 0 0.000000
19 5 0 0 24 -0.916667
19 5 0 1 1 1.000000
19 5 0 2 0 0.000000
19 5 0 3 0 0.000000
19 5 0 4 0 0.000000
19 5 1 0 15 0.533333
19 5 1 1 2 1.000000
19 5 1 2 0 0.000000
19 5 1 3 0 0.000000
19 5 1 4 0 0.000000
19 6 0 0 33 -0.696970
19 6 0 1 6 -1.000000
19 6 0 2 0 0.000000
19 6 0 3 0 0.000000
19 6 0 4 0 0.000000
19 6 1 0 11 0.454545
19 6 1 1 5 0.800000
19 6 1 2 0 0.000000
19 6 1 3 0 0.000000
19 6 1 4 0 0.000000
19 7 0 0 24 -0.416667
19 7 0 1 5 -0.600000
19 7 0 2 0 0.000000
19 7 0 3 0 0.000000
19 7 0 4 0 0.000000
19 7 1 0 18 0.666667
19 7 1 1 0 0.000000
19 7 1 2 0 0.000000
19 7 1 3 0 0.000000
19 7 1 4 0 0.000000
19 8 0 0 21 -0.666667
19 8 0 1 6 -0.666667
19 8 0 2 0 0.000000
19 8 0 3 0 0.000000
19 8 0 4 0 0.000000
19 8 1 0 21 0.333333
19 8 1 1 3 0.666667
19 8 1 2 0 0.000000
19 8 1 3 0 0.000000
19 8 1 4 0 0.000000
19 9 0 0 20 -0.800000
19 9 0 1 1 -1.000000
19 9 0 2 0 0.000000
19 9 0 3 0 0.000000
19 9 0 4 0 0.000000
19 9 1 0 12 0.250000
19 9 1 1 4 0.000000
19 9 1 2 0 0.000000
19 9 1 3 0 0.000000
19 9 1 4 0 0.000000
19 10 0 0 115 -0.895652
19 10 0 1 20 -0.650000
19 10 0 2 0 0.000000
19 10 0 3 0 0.000000
19 10 0 4 0 0.000000
19 10 1 0 63 0.158730
19 10 1 1 16 0.062500
19 10 1 2 0 0.000000
19 10 1 3 0 0.000000
19 10 1 4 0 0.000000
19 11 0 0 27 -1.000000
19 11 0 1 1 -1.000000
19 11 0 2 0 0.000000
19 11 0 3 0 0.000000
19 11 0 4 0 0.000000
19 11 1 0 22 -0.181818
19 11 1 1 1 1.000000
19 11 1 2 0 0.000000
19 11 1 3 0 0.000000
19 11 1 4 0 0.000000
20 0 0 0 0 0.000000
20 0 0 1 0 0.000000
20 0 0 2 0 0.000000
20 0 0 3 0 0.000000
20 0 0 4 0 0.000000
20 0 1 0 0 0.000000
20 0 1 1 0 0.000000
20 0 1 2 0 0.000000
20 0 1 3 0 0.000000
20 0 1 4 0 0.000000
20 1 0 0 0 0.000000
20 1 0 1 0 0.000000
20 1 0 2 0 0.000000
20 1 0 3 0 0.000000
20 1 0 4 0 0.000000
20 1 1 0 0 0.000000
20 1 1 1 0 0.000000
20 1 1 2 0 0.000000
20 1 1 3 0 0.000000
20 1 1 4 0 0.000000
20 2 0 0 38 -0.684210
20 2 0 1 7 -0.428571
20 2 0 2 0 0.000000
20 2 0 3 0 0.000000
20 2 0 4 0 0.000000
20 2 1 0 19 1.000000
20 2 1 1 4 0.750000
20 2 1 2 0 0.000000
20 2 1 3 0 0.000000
20 2 1 4 0 0.000000
20 3 0 0 30 -0.866667
20 3 0 1 6 -1.000000
20 3 0 2 0 0.000000
20 3 0 3 0 0.000000
20 3 0 4 0 0.000000
20 3 1 0 24 0.625000
20 3 1 1 5 0.200000
20 3 1 2 0 0.000000
20 3 1 3 0 0.000000
20 3 1 4 0 0.000000
20 4 0 0 32 -0.875000
20 4 0 1 3 -1.000000
20 4 0 2 0 0.000000
20 4 0 3 0 0.000000
20 4 0 4 0 0.000000
20 4 1 0 21 0.761905
20 4 1 1 3 1.000000
20 4 1 2 0 0.000000
20 4 1 3 0 0.000000
20 4 1 4 0 0.000000
20 5 0 0 40 -0.725000
20 5 0 1 2 -1.000000
20 5 0 2 0 0.000000
20 5 0 3 0 0.000000
20 5 0 4 0 0.000000
20 5 1 0 24 0.500000
20 5 1 1 3 1.000000
20 5 1 2 0 0.000000
20 5 1 3 0 0.000000
20 5 1 4 0 0.000000
20 6 0 0 37 -0.783784
20 6 0 1 4 -1.000000
20 6 0 2 0 0.000000
20 6 0 3 0 0.000000
20 6 0 4 0 0.000000
20 6 1 0 25 0.800000
20 6 1 1 5 1.000000
20 6 1 2 0 0.000000
20 6 1 3 0 0.000000
20 6 1 4 0 0.000000
20 7 0 0 41 -0.731707
20 7 0 1 2 -1.000000
20 7 0 2 0 0.000000
20 7 0 3 0 0.000000
20 7 0 4 0 0.000000
20 7 1 0 32 0.781250
20 7 1 1 5 0.800000
20 7 1 2 0 0.000000
20 7 1 3 0 0.000000
20 7 1 4 0 0.000000
20 8 0 0 37 -0.918919
20 8 0 1 5 -0.200000
20 8 0 2 0 0.000000
20 8 0 3 0 0.000000
20 8 0 4 0 0.000000
20 8 1 0 30 0.666667
20 8 1 1 5 0.800000
20 8 1 2 0 0.000000
20 8 1 3 0 0.000000
20 8 1 4 0 0.000000
20 9 0 0 25 -0.920000
20 9 0 1 8 -0.750000
20 9 0 2 0 0.000000
20 9 0 3 0 0.000000
20 9 0 4 0 0.000000
20 9 1 0 21 0.571429
20 9 1 1 1 1.000000
20 9 1 2 0 0.000000
20 9 1 3 0 0.000000
20 9 1 4 0 0.000000
20 10 0 0 129 -0.891473
20 10 0 1 13 -0.692308
20 10 0 2 0 0.000000
20 10 0 3 0 0.000000
20 10 0 4 0 0.000000
20 10 1 0 92 0.608696
20 10 1 1 19 0.368421
20 10 1 2 0 0.000000
20 10 1 3 0 0.000000
20 10 1 4 0 0.000000
20 11 0 0 35 -0.885714
20 11 0 1 3 -1.000000
20 11 0 2 0 0.000000
20 11 0 3 0 0.000000
20 11 0 4 0 0.000000
20 11 1 0 21 0.380952
20 11 1 1 4 0.000000
20 11 1 2 0 0.000000
20 11 1 3 0 0.000000
20 11 1 4 0 0.000000
